50 nombre de -200 a 200:

62 1 -138 140 168 155 -135 -28 -95 10 85 84 24 118 67 132 61 -22 -161 -171 -159 110 -40 31 20 -98 -182 172 147 158 -151 -177 -125 -88 183 -199 -184 131 141 -18 52 -86 83 -153 -174 -35 -147 101 -124 -164

50 nombres de 0 a 100:

26 84 87 70 8 18 74 82 35 73 52 57 65 55 98 1 39 83 80 97 0 56 45 31 68 43 66 15 85 95 37 9 41 16 29 78 76 27 23 2 62 6 21 5 96 7 63 17 38 20

100 nombre de 0 a 500:

455 191 283 371 345 19 148 422 451 123 12 35 17 77 408 156 457 341 363 267 74 348 473 324 136 419 90 416 27 52 205 36 44 291 402 219 116 213 321 389 333 458 196 373 305 486 260 406 350 238 496 380 97 257 140 289 339 20 278 469 154 243 194 139 105 66 299 14 467 38 53 0 309 388 459 89 359 13 319 409 488 274 315 149 163 331 186 266 326 133 236 483 25 481 197 273 15 316 8 441